0.000000 1.1000 1.1045 1.1046 1.0000
0.100000 1.2089 1.2186 1.2190 1.1046
0.200000 1.3274 1.3433 1.3439 1.2190
0.300000 1.4562 1.4792 1.4801 1.3439
0.400000 1.5961 1.6274 1.6286 1.4801
0.500000 1.7480 1.7887 1.7902 1.6286
0.600000 1.9126 1.9642 1.9661 1.7902
0.700000 2.0909 2.1549 2.1573 1.9661
0.800000 2.2839 2.3619 2.3648 2.1573
0.900000 2.4927 2.5865 2.5899 2.3648
1.000000 2.7182 2.8298 2.8339 2.5899
1.100000 2.9617 3.0933 3.0981 2.8339
1.200000 3.2244 3.3783 3.3840 3.0981
1.300000 3.5075 3.6864 3.6929 3.3840
1.400000 3.8124 4.0191 4.0266 3.6929
1.500000 4.1406 4.3780 4.3866 4.0266
1.600000 4.4934 4.7650 4.7748 4.3866
1.700000 4.8725 5.1818 5.1929 4.7748
1.800000 5.2795 5.6303 5.6430 5.1929
1.900000 5.7161 6.1127 6.1269 5.6430
2.000000 6.1841 6.6309 6.6469 6.1269
2.100000 6.6854 7.1873 7.2053 6.6469
2.200000 7.2219 7.7842 7.8042 7.2053
2.300000 7.7957 8.4239 8.4462 7.8042
2.400000 8.4089 9.1090 9.1339 8.4462
2.500000 9.0638 9.8423 9.8698 9.1339
2.600000 9.7627 10.6264 10.6569 9.8698
2.700000 10.5079 11.4642 11.4979 10.6569
2.800000 11.3021 12.3587 12.3959 11.4979
2.900000 12.1478 13.3131 13.3540 12.3959
3.000000 13.0477 14.3307 14.3756 13.3540
3.100000 14.0047 15.4147 15.4639 14.3756
3.200000 15.0216 16.5687 16.6226 15.4639
3.300000 16.1016 17.7963 17.8552 16.6226
3.400000 17.2476 19.1013 19.1656 17.8552
3.500000 18.4631 20.4876 20.5577 19.1656
3.600000 19.7512 21.9592 22.0355 20.5577
3.700000 21.1155 23.5204 23.6033 22.0355
3.800000 22.5595 25.1753 25.2653 23.6033
3.900000 24.0869 26.9284 27.0260 25.2653
4.000000 25.7015 28.7844 28.8900 27.0260
4.100000 27.4072 30.7479 30.8621 28.8901
4.200000 29.2079 32.8239 32.9472 30.8622
4.300000 31.1079 35.0172 35.1503 32.9473
4.400000 33.1114 37.3332 37.4766 35.1504
4.500000 35.2227 39.7769 39.9314 37.4767
4.600000 37.4462 42.3539 42.5201 39.9314
4.700000 39.7866 45.0698 45.2483 42.5201
4.800000 42.2486 47.9302 48.1218 45.2483
4.900000 44.8368 50.9410 51.1464 48.1218
5.000000 47.5563 54.1081 54.3282 51.1465
5.100000 50.4121 57.4377 57.6732 54.3282
5.200000 53.4092 60.9360 61.1879 57.6733
5.300000 56.5528 64.6094 64.8785 61.1880
5.400000 59.8484 68.4644 68.7516 64.8786
5.500000 63.3014 72.5076 72.8140 68.7517
5.600000 66.9172 76.7458 77.0723 72.8141
5.700000 70.7016 81.1858 81.5336 77.0724
5.800000 74.6601 85.8348 86.2048 81.5337
5.900000 78.7988 90.6998 91.0931 86.2049
6.000000 83.1233 95.7879 96.2058 91.0932
6.100000 87.6398 101.1067 101.5503 96.2060
6.200000 92.3544 106.6634 107.1340 101.5504
6.300000 97.2731 112.4657 112.9646 107.1342
6.400000 102.4022 118.5213 119.0497 112.9647
6.500000 107.7481 124.8377 125.3971 119.0498
6.600000 113.3171 131.4230 132.0146 125.3972
6.700000 119.1156 138.2849 138.9103 132.0148
6.800000 125.1502 145.4315 146.0922 138.9105
6.900000 131.4274 152.8708 153.5683 146.0924
7.000000 137.9539 160.6110 161.3469 153.5685
7.100000 144.7364 168.6602 169.4361 161.3471
7.200000 151.7814 177.0268 177.8443 169.4364
7.300000 159.0959 185.7189 186.5799 177.8446
7.400000 166.6866 194.7450 195.6511 186.5801
7.500000 174.5603 204.1135 205.0665 195.6514
7.600000 182.7239 213.8327 214.8345 205.0668
7.700000 191.1843 223.9111 224.9635 214.8348
7.800000 199.9483 234.3571 235.4622 224.9639
7.900000 209.0228 245.1794 246.3391 235.4626
8.000000 218.4148 256.3862 257.6025 246.3394
8.100000 228.1312 267.9862 269.2612 257.6029
8.200000 238.1788 279.9878 281.3236 269.2616
8.300000 248.5646 292.3994 293.7982 281.3240
8.400000 259.2954 305.2296 306.6936 293.7987
8.500000 270.3780 318.4866 320.0181 306.6941
8.600000 281.8194 332.1791 333.7803 320.0186
8.700000 293.6263 346.3151 347.9885 333.7808
8.800000 305.8054 360.9032 362.6510 347.9890
8.900000 318.3635 375.9514 377.7762 362.6516
9.000000 331.3072 391.4680 393.3722 377.7767
9.100000 344.6431 407.4612 409.4472 393.3728
9.200000 358.3778 423.9388 426.0094 409.4479
9.300000 372.5177 440.9090 443.0666 426.0100
9.400000 387.0693 458.3795 460.6268 443.0673
9.500000 402.0388 476.3581 478.6979 460.6275
9.600000 417.4326 494.8524 497.2874 478.6986
9.700000 433.2568 513.8702 516.4030 497.2881
9.800000 449.5174 533.4186 536.0522 516.4038
9.900000 466.2204 553.5052 556.2423 536.0530
10.000000 483.3717 574.1370 576.9806 556.2432
10.100000 500.9770 595.3212 598.2741 576.9815
10.200000 519.0420 617.0646 620.1298 598.2751
10.300000 537.5721 639.3739 642.5545 620.1308
10.400000 556.5729 662.2559 665.5548 642.5555
10.500000 576.0495 685.7168 689.1372 665.5558
10.600000 596.0070 709.7632 713.3080 689.1382
10.700000 616.4506 734.4009 738.0734 713.3091
10.800000 637.3850 759.6360 763.4392 738.0745
10.900000 658.8149 785.4742 789.4114 763.4404
11.000000 680.7450 811.9212 815.9955 789.4126
11.100000 703.1795 838.9822 843.1969 815.9968
11.200000 726.1228 866.6624 871.0208 843.1982
11.300000 749.5790 894.9669 899.4723 871.0222
11.400000 773.5520 923.9004 928.5561 899.4737
11.500000 798.0455 953.4674 958.2768 928.5575
11.600000 823.0631 983.6725 988.6388 958.2783
11.700000 848.6083 1014.5196 1019.6463 988.6403
11.800000 874.6842 1046.0127 1051.3032 1019.6479
11.900000 901.2940 1078.1556 1083.6133 1051.3048
12.000000 928.4404 1110.9516 1116.5800 1083.6149
12.100000 956.1262 1144.4041 1150.2065 1116.5817
12.200000 984.3540 1178.5160 1184.4961 1150.2083
12.300000 1013.1259 1213.2902 1219.4513 1184.4979
12.400000 1042.4442 1248.7292 1255.0749 1219.4532
12.500000 1072.3107 1284.8353 1291.3690 1255.0768
12.600000 1102.7272 1321.6106 1328.3359 1291.3710
12.700000 1133.6953 1359.0569 1365.9774 1328.3380
12.800000 1165.2163 1397.1759 1404.2950 1365.9794
12.900000 1197.2913 1435.9688 1443.2901 1404.2971
13.000000 1229.9212 1475.4368 1482.9638 1443.2923
13.100000 1263.1070 1515.5807 1523.3170 1482.9660
13.200000 1296.8490 1556.4012 1564.3503 1523.3193
13.300000 1331.1477 1597.8986 1606.0641 1564.3527
13.400000 1366.0033 1640.0730 1648.4585 1606.0665
13.500000 1401.4156 1682.9244 1691.5333 1648.4610
13.600000 1437.3844 1726.4524 1735.2884 1691.5359
13.700000 1473.9094 1770.6563 1779.7229 1735.2910
13.800000 1510.9897 1815.5354 1824.8361 1779.7256
13.900000 1548.6248 1861.0885 1870.6268 1824.8388
14.000000 1586.8134 1907.3143 1917.0937 1870.6296
14.100000 1625.5544 1954.2112 1964.2353 1917.0967
14.200000 1664.8463 2001.7774 2012.0497 1964.2383
14.300000 1704.6876 2050.0109 2060.5349 2012.0528
14.400000 1745.0763 2098.9093 2109.6885 2060.5380
14.500000 1786.0106 2148.4703 2159.5081 2109.6917
14.600000 1827.4883 2198.6909 2209.9908 2159.5114
14.700000 1869.5069 2249.5683 2261.1337 2209.9942
14.800000 1912.0639 2301.0992 2312.9335 2261.1371
14.900000 1955.1566 2353.2803 2365.3869 2312.9370
15.000000 1998.7821 2406.1078 2418.4901 2365.3905
15.100000 2042.9371 2459.5780 2472.2393 2418.4938
15.200000 2087.6186 2513.6867 2526.6303 2472.2430
15.300000 2132.8230 2568.4296 2581.6589 2526.6342
15.400000 2178.5467 2623.8023 2637.3205 2581.6628
15.500000 2224.7859 2679.8000 2693.6105 2637.3246
15.600000 2271.5367 2736.4179 2750.5238 2693.6146
15.700000 2318.7949 2793.6508 2808.0554 2750.5280
15.800000 2366.5563 2851.4935 2866.1999 2808.0597
15.900000 2414.8165 2909.9405 2924.9518 2866.2043
16.000000 2463.5708 2968.9860 2984.3055 2924.9563
16.100000 2512.8145 3028.6244 3044.2550 2984.3100
16.200000 2562.5428 3088.8494 3104.7943 3044.2596
16.300000 2612.7506 3149.6550 3165.9171 3104.7990
16.400000 2663.4327 3211.0347 3227.6170 3165.9219
16.500000 2714.5839 3272.9821 3289.8876 3227.6220
16.600000 2766.1987 3335.4904 3352.7219 3289.8926
16.700000 2818.2716 3398.5528 3416.1133 3352.7271
16.800000 2870.7968 3462.1622 3480.0545 3416.1185
16.900000 2923.7687 3526.3115 3544.5384 3480.0598
17.000000 2977.1811 3590.9935 3609.5578 3544.5439
17.100000 3031.0281 3656.2007 3675.1050 3609.5633
17.200000 3085.3036 3721.9255 3741.1726 3675.1107
17.300000 3140.0012 3788.1602 3807.7528 3741.1783
17.400000 3195.1146 3854.8971 3874.8376 3807.7586
17.500000 3250.6374 3922.1281 3942.4192 3874.8435
17.600000 3306.5629 3989.8453 4010.4895 3942.4253
17.700000 3362.8846 4058.0405 4079.0402 4010.4956
17.800000 3419.5957 4126.7053 4148.0631 4079.0465
17.900000 3476.6893 4195.8315 4217.5497 4148.0694
18.000000 3534.1586 4265.4106 4287.4915 4217.5561
18.100000 3591.9965 4335.4341 4357.8799 4287.4980
18.200000 3650.1961 4405.8932 4428.7063 4357.8866
18.300000 3708.7502 4476.7793 4499.9619 4428.7131
18.400000 3767.6517 4548.0836 4571.6378 4499.9688
18.500000 3826.8931 4619.7972 4643.7252 4571.6448
18.600000 3886.4674 4691.9113 4716.2150 4643.7323
18.700000 3946.3671 4764.4167 4789.0982 4716.2222
18.800000 4006.5847 4837.3044 4862.3658 4789.1056
18.900000 4067.1129 4910.5654 4936.0085 4862.3732
19.000000 4127.9442 4984.1904 5010.0171 4936.0160
19.100000 4189.0709 5058.1703 5084.3824 5010.0247
19.200000 4250.4856 5132.4959 5159.0952 5084.3902
19.300000 4312.1806 5207.1578 5234.1460 5159.1030
19.400000 4374.1484 5282.1467 5309.5255 5234.1540
19.500000 4436.3812 5357.4534 5385.2244 5309.5336
19.600000 4498.8713 5433.0684 5461.2332 5385.2326
19.700000 4561.6112 5508.9824 5537.5426 5461.2416
19.800000 4624.5930 5585.1859 5614.1429 5537.5510
19.900000 4687.8091 5661.6696 5691.0249 5614.1515
20.000000 4751.2517 5738.4241 5768.1791 5691.0336
20.100000 4814.9131 5815.4400 5845.5959 5768.1879
20.200000 4878.7855 5892.7078 5923.2660 5845.6048
20.300000 4942.8613 5970.2181 6001.1798 5923.2750
20.400000 5007.1327 6047.9615 6079.3280 6001.1890
20.500000 5071.5920 6125.9287 6157.7010 6079.3373
20.600000 5136.2314 6204.1103 6236.2895 6157.7104
20.700000 5201.0433 6282.4969 6315.0841 6236.2990
20.800000 5266.0201 6361.0791 6394.0753 6315.0937
20.900000 5331.1540 6439.8478 6473.2539 6394.0851
21.000000 5396.4374 6518.7936 6552.6106 6473.2638
21.100000 5461.8627 6597.9072 6632.1359 6552.6206
21.200000 5527.4223 6677.1796 6711.8207 6632.1460
21.300000 5593.1087 6756.6014 6791.6557 6711.8309
21.400000 5658.9144 6836.1636 6871.6319 6791.6661
21.500000 5724.8317 6915.8570 6951.7400 6871.6424
21.600000 5790.8534 6995.6728 7031.9709 6951.7506
21.700000 5856.9720 7075.6018 7112.3157 7031.9817
21.800000 5923.1801 7155.6351 7192.7653 7112.3266
21.900000 5989.4704 7235.7639 7273.3109 7192.7763
22.000000 6055.8357 7315.9793 7353.9436 7273.3220
22.100000 6122.2686 7396.2726 7434.6545 7353.9548
22.200000 6188.7620 7476.6351 7515.4349 7434.6658
22.300000 6255.3088 7557.0582 7596.2762 7515.4464
22.400000 6321.9018 7637.5332 7677.1697 7596.2878
22.500000 6388.5342 7718.0518 7758.1069 7677.1814
22.600000 6455.1989 7798.6053 7839.0793 7758.1187
22.700000 6521.8889 7879.1856 7920.0786 7839.0913
22.800000 6588.5976 7959.7844 8001.0963 7920.0907
22.900000 6655.3180 8040.3934 8082.1244 8001.1086
23.000000 6722.0434 8121.0044 8163.1545 8082.1367
23.100000 6788.7672 8201.6096 8244.1787 8163.1670
23.200000 6855.4829 8282.2009 8325.1889 8244.1913
23.300000 6922.1838 8362.7704 8406.1772 8325.2016
23.400000 6988.8636 8443.3103 8487.1357 8406.1900
23.500000 7055.5158 8523.8130 8568.0568 8487.1487
23.600000 7122.1341 8604.2708 8648.9327 8568.0699
23.700000 7188.7124 8684.6762 8729.7560 8648.9460
23.800000 7255.2443 8765.0217 8810.5191 8729.7693
23.900000 7321.7239 8845.3001 8891.2146 8810.5325
24.000000 7388.1451 8925.5040 8971.8352 8891.2281
24.100000 7454.5019 9005.6262 9052.3738 8971.8489
24.200000 7520.7885 9085.6598 9132.8232 9052.3876
24.300000 7586.9992 9165.5977 9213.1764 9132.8371
24.400000 7653.1281 9245.4331 9293.4266 9213.1905
24.500000 7719.1697 9325.1592 9373.5668 9293.4408
24.600000 7785.1184 9404.7692 9453.5904 9373.5811
24.700000 7850.9687 9484.2566 9533.4907 9453.6048
24.800000 7916.7152 9563.6149 9613.2613 9533.5053
24.900000 7982.3527 9642.8378 9692.8956 9613.2760
25.000000 8047.8758 9721.9189 9772.3874 9692.9104
25.100000 8113.2795 9800.8520 9851.7305 9772.4024
25.200000 8178.5586 9879.6310 9930.9187 9851.7456
25.300000 8243.7082 9958.2500 10009.9460 9930.9339
25.400000 8308.7234 10036.7030 10088.8064 10009.9613
25.500000 8373.5993 10114.9843 10167.4942 10088.8218
25.600000 8438.3312 10193.0881 10246.0036 10167.5097
25.700000 8502.9144 10271.0089 10324.3290 10246.0193
25.800000 8567.3444 10348.7412 10402.4649 10324.3448
25.900000 8631.6167 10426.2795 10480.4059 10402.4808
26.000000 8695.7268 10503.6187 10558.1466 10480.4219
26.100000 8759.6704 10580.7535 10635.6819 10558.1628
26.200000 8823.4433 10657.6788 10713.0066 10635.6981
26.300000 8887.0413 10734.3896 10790.1157 10713.0229
26.400000 8950.4604 10810.8811 10867.0042 10790.1321
26.500000 9013.6965 10887.1484 10943.6675 10867.0208
26.600000 9076.7457 10963.1869 11020.1007 10943.6842
26.700000 9139.6042 11038.9919 11096.2992 11020.1175
26.800000 9202.2682 11114.5591 11172.2586 11096.3162
26.900000 9264.7340 11189.8839 11247.9745 11172.2757
27.000000 9326.9981 11264.9622 11323.4424 11247.9917
27.100000 9389.0570 11339.7896 11398.6582 11323.4597
27.200000 9450.9072 11414.3621 11473.6178 11398.6756
27.300000 9512.5453 11488.6758 11548.3171 11473.6353
27.400000 9573.9682 11562.7266 11622.7523 11548.3348
27.500000 9635.1725 11636.5108 11696.9194 11622.7700
27.600000 9696.1552 11710.0247 11770.8148 11696.9373
27.700000 9756.9133 11783.2646 11844.4348 11770.8328
27.800000 9817.4437 11856.2270 11917.7758 11844.4529
27.900000 9877.7436 11928.9085 11990.8345 11917.7941
28.000000 9937.8103 12001.3058 12063.6074 11990.8528
28.100000 9997.6408 12073.4155 12136.0913 12063.6259
28.200000 10057.2327 12145.2345 12208.2830 12136.1099
28.300000 10116.5833 12216.7598 12280.1794 12208.3017
28.400000 10175.6901 12287.9884 12351.7776 12280.1982
28.500000 10234.5507 12358.9173 12423.0745 12351.7964
28.600000 10293.1627 12429.5439 12494.0674 12423.0935
28.700000 10351.5238 12499.8652 12564.7537 12494.0865
28.800000 10409.6319 12569.8788 12635.1305 12564.7728
28.900000 10467.4847 12639.5821 12705.1954 12635.1498
29.000000 10525.0801 12708.9726 12774.9458 12705.2148
29.100000 10582.4163 12778.0479 12844.3795 12774.9653
29.200000 10639.4912 12846.8057 12913.4940 12844.3991
29.300000 10696.3029 12915.2439 12982.2872 12913.5137
29.400000 10752.8497 12983.3603 13050.7569 12982.3070
29.500000 10809.1298 13051.1528 13118.9011 13050.7769
29.600000 10865.1415 13118.6195 13186.7177 13118.9211
29.700000 10920.8833 13185.7584 13254.2049 13186.7379
29.800000 10976.3535 13252.5678 13321.3609 13254.2252
29.900000 11031.5508 13319.0459 13388.1838 13321.3812
30.000000 11086.4737 13385.1911 13454.6720 13388.2042
30.100000 11141.1208 13451.0017 13520.8239 13454.6925
30.200000 11195.4908 13516.4762 13586.6380 13520.8446
30.300000 11249.5825 13581.6132 13652.1129 13586.6588
30.400000 11303.3948 13646.4113 13717.2470 13652.1337
30.500000 11356.9264 13710.8692 13782.0393 13717.2680
30.600000 11410.1764 13774.9857 13846.4883 13782.0603
30.700000 11463.1438 13838.7596 13910.5929 13846.5094
30.800000 11515.8276 13902.1898 13974.3520 13910.6141
30.900000 11568.2268 13965.2753 14037.7646 13974.3733
31.000000 11620.3408 14028.0150 14100.8297 14037.7860
31.100000 11672.1686 14090.4082 14163.5464 14100.8512
31.200000 11723.7096 14152.4539 14225.9139 14163.5680
31.300000 11774.9631 14214.1514 14287.9313 14225.9356
31.400000 11825.9284 14275.4999 14349.5980 14287.9531
31.500000 11876.6050 14336.4989 14410.9132 14349.6199
31.600000 11926.9924 14397.1477 14471.8765 14410.9352
31.700000 11977.0900 14457.4458 14532.4872 14471.8986
31.800000 12026.8976 14517.3927 14592.7449 14532.5094
31.900000 12076.4145 14576.9880 14652.6492 14592.7672
32.000000 12125.6407 14636.2313 14712.1997 14652.6716
32.100000 12174.5757 14695.1223 14771.3960 14712.2222
32.200000 12223.2192 14753.6607 14830.2380 14771.4186
32.300000 12271.5712 14811.8465 14888.7254 14830.2607
32.400000 12319.6315 14869.6793 14946.8581 14888.7482
32.500000 12367.3999 14927.1591 15004.6359 14946.8809
32.600000 12414.8764 14984.2859 15062.0588 15004.6588
32.700000 12462.0609 15041.0596 15119.1269 15062.0819
32.800000 12508.9534 15097.4803 15175.8401 15119.1500
32.900000 12555.5541 15153.5482 15232.1986 15175.8633
33.000000 12601.8630 15209.2632 15288.2025 15232.2219
33.100000 12647.8801 15264.6257 15343.8520 15288.2259
33.200000 12693.6058 15319.6359 15399.1474 15343.8755
33.300000 12739.0402 15374.2940 15454.0888 15399.1709
33.400000 12784.1834 15428.6003 15508.6767 15454.1124
33.500000 12829.0359 15482.5553 15562.9113 15508.7004
33.600000 12873.5979 15536.1593 15616.7932 15562.9351
33.700000 12917.8697 15589.4127 15670.3226 15616.8170
33.800000 12961.8518 15642.3161 15723.5002 15670.3466
33.900000 13005.5445 15694.8699 15776.3265 15723.5243
34.000000 13048.9483 15747.0748 15828.8020 15776.3506
34.100000 13092.0635 15798.9312 15880.9272 15828.8261
34.200000 13134.8909 15850.4399 15932.7029 15880.9515
34.300000 13177.4308 15901.6016 15984.1298 15932.7273
34.400000 13219.6838 15952.4168 16035.2084 15984.1542
34.500000 13261.6505 16002.8864 16085.9396 16035.2329
34.600000 13303.3316 16053.0111 16136.3241 16085.9642
34.700000 13344.7276 16102.7918 16186.3628 16136.3488
34.800000 13385.8392 16152.2292 16236.0564 16186.3875
34.900000 13426.6672 16201.3241 16285.4058 16236.0812
35.000000 13467.2122 16250.0776 16334.4120 16285.4307
35.100000 13507.4750 16298.4906 16383.0758 16334.4370
35.200000 13547.4564 16346.5638 16431.3983 16383.1009
35.300000 13587.1571 16394.2985 16479.3803 16431.4234
35.400000 13626.5780 16441.6955 16527.0230 16479.4055
35.500000 13665.7198 16488.7558 16574.3272 16527.0482
35.600000 13704.5835 16535.4806 16621.2942 16574.3526
35.700000 13743.1699 16581.8710 16667.9249 16621.3196
35.800000 13781.4800 16627.9279 16714.2206 16667.9504
35.900000 13819.5146 16673.6526 16760.1822 16714.2461
36.000000 13857.2746 16719.0462 16805.8111 16760.2079
36.100000 13894.7611 16764.1099 16851.1083 16805.8368
36.200000 13931.9750 16808.8448 16896.0750 16851.1340
36.300000 13968.9173 16853.2522 16940.7126 16896.1009
36.400000 14005.5890 16897.3333 16985.0221 16940.7385
36.500000 14041.9911 16941.0894 17029.0050 16985.0481
36.600000 14078.1247 16984.5217 17072.6624 17029.0310
36.700000 14113.9907 17027.6316 17115.9957 17072.6885
36.800000 14149.5904 17070.4203 17159.0061 17116.0218
36.900000 14184.9248 17112.8892 17201.6951 17159.0323
37.000000 14219.9949 17155.0395 17244.0639 17201.7213
37.100000 14254.8020 17196.8728 17286.1139 17244.0902
37.200000 14289.3470 17238.3903 17327.8466 17286.1403
37.300000 14323.6312 17279.5934 17369.2632 17327.8730
37.400000 14357.6557 17320.4836 17410.3653 17369.2897
37.500000 14391.4217 17361.0623 17451.1542 17410.3919
37.600000 14424.9303 17401.3308 17491.6314 17451.1809
37.700000 14458.1827 17441.2907 17531.7983 17491.6581
37.800000 14491.1802 17480.9433 17571.6564 17531.8251
37.900000 14523.9239 17520.2902 17611.2072 17571.6833
38.000000 14556.4150 17559.3329 17650.4522 17611.2342
38.100000 14588.6548 17598.0728 17689.3928 17650.4792
38.200000 14620.6445 17636.5114 17728.0306 17689.4198
38.300000 14652.3854 17674.6502 17766.3671 17728.0577
38.400000 14683.8786 17712.4908 17804.4038 17766.3942
38.500000 14715.1255 17750.0347 17842.1422 17804.4310
38.600000 14746.1274 17787.2835 17879.5839 17842.1695
38.700000 14776.8854 17824.2386 17916.7305 17879.6112
38.800000 14807.4009 17860.9016 17953.5835 17916.7579
38.900000 14837.6751 17897.2741 17990.1445 17953.6109
39.000000 14867.7094 17933.3577 18026.4150 17990.1720
39.100000 14897.5050 17969.1539 18062.3967 18026.4425
39.200000 14927.0633 18004.6643 18098.0911 18062.4243
39.300000 14956.3856 18039.8905 18133.4998 18098.1187
39.400000 14985.4731 18074.8341 18168.6245 18133.5275
39.500000 15014.3271 18109.4967 18203.4666 18168.6522
39.600000 15042.9491 18143.8798 18238.0279 18203.4944
39.700000 15071.3403 18177.9852 18272.3100 18238.0558
39.800000 15099.5021 18211.8143 18306.3144 18272.3379
39.900000 15127.4357 18245.3689 18340.0429 18306.3424
40.000000 15155.1426 18278.6505 18373.4969 18340.0709
40.100000 15182.6240 18311.6608 18406.6782 18373.5250
40.200000 15209.8813 18344.4013 18439.5883 18406.7063
40.300000 15236.9159 18376.8737 18472.2290 18439.6165
40.400000 15263.7290 18409.0796 18504.6018 18472.2572
40.500000 15290.3220 18441.0207 18536.7084 18504.6301
40.600000 15316.6964 18472.6986 18568.5503 18536.7367
40.700000 15342.8533 18504.1149 18600.1294 18568.5787
40.800000 15368.7941 18535.2712 18631.4471 18600.1578
40.900000 15394.5203 18566.1691 18662.5052 18631.4756
41.000000 15420.0332 18596.8104 18693.3052 18662.5337
41.100000 15445.3340 18627.1966 18723.8488 18693.3337
41.200000 15470.4242 18657.3294 18754.1377 18723.8774
41.300000 15495.3051 18687.2103 18784.1735 18754.1663
41.400000 15519.9780 18716.8411 18813.9578 18784.2022
41.500000 15544.4444 18746.2234 18843.4922 18813.9865
41.600000 15568.7055 18775.3587 18872.7785 18843.5210
41.700000 15592.7626 18804.2487 18901.8182 18872.8073
41.800000 15616.6172 18832.8951 18930.6129 18901.8471
41.900000 15640.2706 18861.2994 18959.1644 18930.6419
42.000000 15663.7241 18889.4633 18987.4742 18959.1934
42.100000 15686.9790 18917.3884 19015.5440 18987.5032
42.200000 15710.0368 18945.0762 19043.3753 19015.5730
42.300000 15732.8986 18972.5286 19070.9698 19043.4044
42.400000 15755.5660 18999.7469 19098.3292 19070.9990
42.500000 15778.0401 19026.7329 19125.4550 19098.3584
42.600000 15800.3223 19053.4881 19152.3488 19125.4842
42.700000 15822.4140 19080.0142 19179.0123 19152.3781
42.800000 15844.3164 19106.3127 19205.4471 19179.0416
42.900000 15866.0309 19132.3853 19231.6547 19205.4764
43.000000 15887.5588 19158.2334 19257.6368 19231.6841
43.100000 15908.9015 19183.8588 19283.3949 19257.6662
43.200000 15930.0601 19209.2630 19308.9307 19283.4244
43.300000 15951.0361 19234.4475 19334.2457 19308.9602
43.400000 15971.8307 19259.4140 19359.3415 19334.2752
43.500000 15992.4452 19284.1640 19384.2197 19359.3711
43.600000 16012.8810 19308.6990 19408.8818 19384.2493
43.700000 16033.1393 19333.0207 19433.3295 19408.9115
43.800000 16053.2214 19357.1305 19457.5642 19433.3592
43.900000 16073.1285 19381.0301 19481.5876 19457.5940
44.000000 16092.8621 19404.7209 19505.4012 19481.6174
44.100000 16112.4232 19428.2046 19529.0064 19505.4310
44.200000 16131.8133 19451.4825 19552.4050 19529.0363
44.300000 16151.0335 19474.5563 19575.5983 19552.4349
44.400000 16170.0852 19497.4275 19598.5880 19575.6282
44.500000 16188.9695 19520.0976 19621.3755 19598.6180
44.600000 16207.6878 19542.5681 19643.9624 19621.4055
44.700000 16226.2413 19564.8405 19666.3502 19643.9924
44.800000 16244.6311 19586.9162 19688.5403 19666.3802
44.900000 16262.8586 19608.7969 19710.5343 19688.5704
45.000000 16280.9250 19630.4839 19732.3336 19710.5644
45.100000 16298.8316 19651.9787 19753.9398 19732.3638
45.200000 16316.5794 19673.2829 19775.3543 19753.9700
45.300000 16334.1698 19694.3978 19796.5787 19775.3846
45.400000 16351.6039 19715.3250 19817.6142 19796.6089
45.500000 16368.8830 19736.0658 19838.4625 19817.6445
45.600000 16386.0082 19756.6218 19859.1249 19838.4928
45.700000 16402.9807 19776.9943 19879.6030 19859.1553
45.800000 16419.8018 19797.1848 19899.8981 19879.6334
45.900000 16436.4726 19817.1947 19920.0116 19899.9285
46.000000 16452.9943 19837.0254 19939.9451 19920.0421
46.100000 16469.3680 19856.6784 19959.6998 19939.9755
46.200000 16485.5950 19876.1550 19979.2773 19959.7303
46.300000 16501.6763 19895.4566 19998.6789 19979.3078
46.400000 16517.6131 19914.5846 20017.9060 19998.7095
46.500000 16533.4066 19933.5404 20036.9600 20017.9366
46.600000 16549.0578 19952.3254 20055.8423 20036.9906
46.700000 16564.5681 19970.9409 20074.5542 20055.8729
46.800000 16579.9384 19989.3883 20093.0972 20074.5849
46.900000 16595.1698 20007.6689 20111.4725 20093.1279
47.000000 16610.2636 20025.7841 20129.6815 20111.5032
47.100000 16625.2208 20043.7352 20147.7256 20129.7123
47.200000 16640.0424 20061.5235 20165.6061 20147.7564
47.300000 16654.7297 20079.1504 20183.3242 20165.6369
47.400000 16669.2837 20096.6171 20200.8815 20183.3551
47.500000 16683.7055 20113.9251 20218.2791 20200.9123
47.600000 16697.9961 20131.0755 20235.5183 20218.3100
47.700000 16712.1566 20148.0696 20252.6005 20235.5492
47.800000 16726.1881 20164.9088 20269.5269 20252.6314
47.900000 16740.0917 20181.5943 20286.2988 20269.5578
48.000000 16753.8684 20198.1274 20302.9175 20286.3298
48.100000 16767.5192 20214.5093 20319.3843 20302.9485
48.200000 16781.0452 20230.7413 20335.7004 20319.4153
48.300000 16794.4474 20246.8246 20351.8670 20335.7314
48.400000 16807.7269 20262.7605 20367.8854 20351.8981
48.500000 16820.8846 20278.5502 20383.7569 20367.9166
48.600000 16833.9216 20294.1949 20399.4827 20383.7881
48.700000 16846.8389 20309.6958 20415.0639 20399.5138
48.800000 16859.6374 20325.0542 20430.5018 20415.0951
48.900000 16872.3183 20340.2711 20445.7975 20430.5330
49.000000 16884.8824 20355.3479 20460.9524 20445.8288
49.100000 16897.3308 20370.2857 20475.9676 20460.9837
49.200000 16909.6643 20385.0856 20490.8442 20475.9989
49.300000 16921.8841 20399.7489 20505.5834 20490.8755
49.400000 16933.9911 20414.2766 20520.1864 20505.6147
49.500000 16945.9861 20428.6700 20534.6543 20520.2177
49.600000 16957.8702 20442.9302 20548.9884 20534.6857
49.700000 16969.6443 20457.0583 20563.1897 20549.0198
49.800000 16981.3093 20471.0554 20577.2593 20563.2211
49.900000 16992.8662 20484.9227 20591.1984 20577.2907
50.000000 17004.3159 20498.6613 20605.0081 20591.2299
50.100000 17015.6594 20512.2722 20618.6896 20605.0396
50.200000 17026.8974 20525.7567 20632.2438 20618.7211
50.300000 17038.0310 20539.1156 20645.6720 20632.2754
50.400000 17049.0610 20552.3502 20658.9752 20645.7036
50.500000 17059.9883 20565.4616 20672.1544 20659.0068
50.600000 17070.8138 20578.4507 20685.2108 20672.1860
50.700000 17081.5384 20591.3186 20698.1454 20685.2424
50.800000 17092.1629 20604.0665 20710.9593 20698.1770
50.900000 17102.6883 20616.6952 20723.6535 20710.9909
51.000000 17113.1154 20629.2060 20736.2290 20723.6851
51.100000 17123.4450 20641.5997 20748.6869 20736.2607
51.200000 17133.6780 20653.8775 20761.0283 20748.7186
51.300000 17143.8153 20666.0402 20773.2540 20761.0600
51.400000 17153.8576 20678.0890 20785.3653 20773.2858
51.500000 17163.8058 20690.0249 20797.3629 20785.3970
51.600000 17173.6608 20701.8488 20809.2480 20797.3947
51.700000 17183.4232 20713.5616 20821.0216 20809.2798
51.800000 17193.0941 20725.1645 20832.6845 20821.0534
51.900000 17202.6741 20736.6583 20844.2379 20832.7164
52.000000 17212.1641 20748.0440 20855.6826 20844.2697
52.100000 17221.5648 20759.3226 20867.0196 20855.7144
52.200000 17230.8770 20770.4950 20878.2499 20867.0515
52.300000 17240.1016 20781.5622 20889.3743 20878.2818
52.400000 17249.2393 20792.5250 20900.3940 20889.4063
52.500000 17258.2909 20803.3845 20911.3097 20900.4259
52.600000 17267.2571 20814.1415 20922.1224 20911.3416
52.700000 17276.1387 20824.7969 20932.8330 20922.1544
52.800000 17284.9365 20835.3517 20943.4425 20932.8650
52.900000 17293.6511 20845.8068 20953.9517 20943.4745
53.000000 17302.2834 20856.1630 20964.3615 20953.9837
53.100000 17310.8341 20866.4212 20974.6729 20964.3936
53.200000 17319.3038 20876.5823 20984.8866 20974.7049
53.300000 17327.6934 20886.6472 20995.0036 20984.9187
53.400000 17336.0036 20896.6167 21005.0248 20995.0357
53.500000 17344.2350 20906.4917 21014.9509 21005.0568
53.600000 17352.3883 20916.2730 21024.7829 21014.9830
53.700000 17360.4643 20925.9615 21034.5216 21024.8150
53.800000 17368.4637 20935.5581 21044.1678 21034.5537
53.900000 17376.3872 20945.0634 21053.7225 21044.2000
54.000000 17384.2354 20954.4785 21063.1863 21053.7546
54.100000 17392.0090 20963.8040 21072.5601 21063.2185
54.200000 17399.7087 20973.0409 21081.8448 21072.5923
54.300000 17407.3351 20982.1898 21091.0412 21081.8770
54.400000 17414.8890 20991.2517 21100.1499 21091.0734
54.500000 17422.3710 21000.2272 21109.1720 21100.1822
54.600000 17429.7817 21009.1172 21118.1080 21109.2042
54.700000 17437.1218 21017.9225 21126.9589 21118.1403
54.800000 17444.3919 21026.6437 21135.7253 21126.9911
54.900000 17451.5927 21035.2818 21144.4081 21135.7576
55.000000 17458.7247 21043.8374 21153.0080 21144.4404
55.100000 17465.7887 21052.3113 21161.5258 21153.0404
55.200000 17472.7852 21060.7043 21169.9623 21161.5582
55.300000 17479.7149 21069.0170 21178.3180 21169.9946
55.400000 17486.5784 21077.2503 21186.5939 21178.3504
55.500000 17493.3762 21085.4048 21194.7907 21186.6263
55.600000 17500.1090 21093.4812 21202.9090 21194.8231
55.700000 17506.7774 21101.4804 21210.9496 21202.9414
55.800000 17513.3820 21109.4030 21218.9132 21210.9820
55.900000 17519.9233 21117.2496 21226.8005 21218.9456
56.000000 17526.4019 21125.0211 21234.6122 21226.8329
56.100000 17532.8184 21132.7180 21242.3490 21234.6446
56.200000 17539.1734 21140.3411 21250.0116 21242.3814
56.300000 17545.4675 21147.8911 21257.6006 21250.0440
56.400000 17551.7012 21155.3686 21265.1169 21257.6331
56.500000 17557.8750 21162.7743 21272.5610 21265.1494
56.600000 17563.9896 21170.1089 21279.9335 21272.5935
56.700000 17570.0454 21177.3730 21287.2352 21279.9660
56.800000 17576.0430 21184.5673 21294.4668 21287.2678
56.900000 17581.9830 21191.6924 21301.6288 21294.4993
57.000000 17587.8659 21198.7489 21308.7219 21301.6613
57.100000 17593.6922 21205.7376 21315.7468 21308.7545
57.200000 17599.4624 21212.6590 21322.7040 21315.7793
57.300000 17605.1771 21219.5138 21329.5943 21322.7366
57.400000 17610.8367 21226.3025 21336.4182 21329.6269
57.500000 17616.4419 21233.0258 21343.1763 21336.4508
57.600000 17621.9930 21239.6843 21349.8693 21343.2089
57.700000 17627.4907 21246.2786 21356.4978 21349.9019
57.800000 17632.9353 21252.8094 21363.0623 21356.5304
57.900000 17638.3274 21259.2771 21369.5636 21363.0950
58.000000 17643.6675 21265.6824 21376.0020 21369.5962
58.100000 17648.9561 21272.0259 21382.3784 21376.0347
58.200000 17654.1936 21278.3081 21388.6931 21382.4110
58.300000 17659.3805 21284.5296 21394.9469 21388.7258
58.400000 17664.5174 21290.6910 21401.1402 21394.9796
58.500000 17669.6046 21296.7929 21407.2737 21401.1729
58.600000 17674.6426 21302.8358 21413.3479 21407.3064
58.700000 17679.6319 21308.8202 21419.3633 21413.3806
58.800000 17684.5730 21314.7468 21425.3206 21419.3960
58.900000 17689.4663 21320.6160 21431.2202 21425.3533
59.000000 17694.3122 21326.4284 21437.0627 21431.2529
59.100000 17699.1112 21332.1845 21442.8486 21437.0954
59.200000 17703.8638 21337.8849 21448.5785 21442.8814
59.300000 17708.5704 21343.5301 21454.2529 21448.6113
59.400000 17713.2313 21349.1205 21459.8723 21454.2857
59.500000 17717.8471 21354.6568 21465.4373 21459.9051
59.600000 17722.4181 21360.1394 21470.9483 21465.4701
59.700000 17726.9449 21365.5689 21476.4058 21470.9811
59.800000 17731.4277 21370.9456 21481.8105 21476.4387
59.900000 17735.8671 21376.2703 21487.1627 21481.8433
